[0;34;40m                   [0;5;35;40m;;[0;34;40m%[0;31;40m.[0;32;40m    [0;34;40m             [0m
[0;34;40m                  ;[0;1;30;47m8[0;35;47mX[0;30;44m8[0;32;40m:[0;31;40m.[0;32;40m    [0;34;40m            [0m
[0;34;40m                 ;[0;5;35;40m [0;1;35;47m%[0;1;37;47m [0;5;35;40m:[0;34;40mX[0;31;40m:[0;32;40m     [0;34;40m           [0m
[0;34;40m                [0;1;30;40mS[0;1;30;47m8[0;1;35;47mSSS[0;1;37;47m [0;5;35;40mt[0;34;40mX[0;32;40m.[0;31;40m    [0;34;40m           [0m
[0;34;40m              %[0;5;35;40m:[0;1;30;47mS[0;1;35;47m@[0;36;47mS[0;1;35;47mS[0;1;34;47mX[0;1;35;47m%[0;1;37;47m [0;35;47m8[0;5;34;40m@[0;34;40mt[0;31;40m.[0;32;40m     [0;34;40m        [0m
[0;34;40m           t[0;5;35;40m%[0;5;37;40m@[0;1;30;47m.[0;1;35;47mX[0;35;47mS[0;1;35;47m%[0;1;34;47mS[0;1;37;47m [0;1;35;47mS[0;1;34;47mS[0;1;35;47mS[0;36;47m%[0;1;35;47mS[0;1;30;47mS8[0;5;34;40m8[0;34;40m%[0;31;40m:[0;32;40m.[0;31;40m  [0;34;40m       [0m
[0;34;40m         ;[0;5;35;40m;[0;1;30;47m%[0;35;47mS[0;1;35;47mSS[0;36;47mX[0;1;35;47mS[0;1;36;47m%[0;1;35;47mX[0;1;37;47m   [0;1;35;47mX[0;1;34;47mS[0;1;37;47m [0;1;35;47m8[0;35;47mS[0;1;37;47m [0;35;47mX[0;5;35;40mt[0;34;40m%[0;32;40m.[0;31;40m    [0;34;40m    [0m
[0;34;40m       [0;1;30;40m@[0;5;35;40m;[0;1;30;47mX[0;1;35;47mX%[0;1;37;47m  [0;5;37;47m8888[0;1;37;47m8[0;5;37;47mX[0;1;37;47m8[0;5;37;47mX8X[0;1;37;47m@;:[0;1;35;47mS[0;1;37;47m [0;1;35;47mS[0;1;30;47m8[0;5;35;40mS[0;34;40m@[0;32;40m:[0;31;40m.[0;34;40m     [0m
[0;34;40m    .[0;5;30;40m@[0;5;37;40m8[0;35;47mS[0;1;35;47mS[0;1;37;47m  [0;5;37;47m8@[0;1;37;47m8[0;1;35;47m8[0;35;47m8[0;1;35;47m8[0;5;37;41m8[0;1;35;47m8[0;5;37;41m8[0;5;37;45m8[0;5;37;41m8[0;1;35;47m8[0;1;31;47m8[0;1;35;47m@[0;1;37;47m 8[0;5;37;47mt[0;1;37;47m8t[0;1;35;47mS[0;1;37;47m [0;35;47mS[0;5;35;40m [0;1;30;44m8[0;31;40m.[0;32;40m    [0m
[0;34;40m   [0;1;30;40m8[0;5;37;40m8[0;1;35;47mX[0;35;47mS[0;1;37;47m ;[0;5;37;47mX[0;1;37;47m8[0;1;35;47m8[0;5;37;41m8[0;1;35;47m8[0;5;37;41m8[0;1;31;47m88X@[0;1;33;47mX[0;5;37;41m8[0;1;37;47m [0;5;37;41m8[0;1;31;47mX[0;5;37;41m8[0;1;31;47m@[0;5;1;35;41m8[0;1;35;47mX[0;1;31;47m@[0;1;37;47m8[0;5;37;47m;[0;1;37;47mS[0;1;35;47mS[0;1;37;47m [0;35;47m@[0;5;35;40m.[0;34;40m8[0;31;40m:[0;32;40m.[0;31;40m [0m
[0;34;40m  [0;1;30;40m@[0;1;30;47m@[0;1;35;47mX[0;1;30;47m8[0;1;37;47m [0;5;37;47m8t[0;1;35;47m8[0;5;37;41m8[0;1;31;47mSX[0;5;37;41m8[0;1;33;47mX[0;5;37;41m8[0;1;37;47m [0;5;1;33;41m8[0;5;37;45m8[0;5;37;43m8[0;1;37;47m [0;5;1;35;41mX[0;1;33;47mS[0;5;37;41m8[0;1;37;47m [0;5;37;41m8[0;1;33;47mS[0;5;37;41m8[0;1;35;47mX[0;5;37;41m8[0;1;35;47mX[0;5;37;47m8S[0;1;35;47m@[0;1;37;47m [0;1;35;47mS[0;1;30;47m8[0;34;40m@[0;31;40m.[0;32;40m [0m
[0;34;40m %[0;1;30;47m@[0;1;35;47m@[0;1;36;47mS[0;1;35;47m8[0;5;37;47m8@[0;1;35;47m8[0;1;31;47m8SX[0;1;33;47mS[0;1;31;47mS[0;5;1;35;41m8[0;5;37;43m8[0;5;1;31;45m8[0;1;37;47m [0;5;1;33;41m@[0;5;37;45m8[0;5;37;43m8[0;5;37;41m8[0;1;35;47m%[0;5;1;33;41m8[0;5;1;37;45m8[0;5;1;33;41m8[0;5;37;47m8[0;5;1;33;41m8[0;1;35;47mX[0;5;1;33;41m8[0;1;35;47mX[0;1;31;47m@[0;5;37;47m88[0;1;35;47mX[0;1;34;47mS[0;1;37;47m [0;37;45m8[0;34;40mX[0;32;40m:[0m
[0;34;40m;[0;1;30;47m8[0;35;47m@[0;1;35;47mSX[0;1;37;47m%[0;5;37;47m8[0;1;35;47m8[0;5;37;41m8[0;1;33;47mX[0;5;1;35;41m8[0;1;33;47mX[0;5;1;35;41m8[0;5;1;37;43m8[0;5;37;47m8[0;5;37;41m8[0;5;37;43m8[0;5;1;31;45m8[0;1;33;47mS[0;5;1;33;41m8[0;5;37;45m8[0;5;1;31;43m8[0;5;37;45m8[0;5;1;31;43m8[0;1;37;47m  [0;5;1;33;41m@[0;5;37;45m8[0;5;1;31;43m8[0;1;35;47mX[0;5;1;33;41m8[0;1;35;47mS[0;1;31;47m@[0;5;37;47m88[0;1;35;47mXS[0;1;30;47mX8[0;34;40mX[0m
[0;5;34;40mX[0;35;47mX[0;1;37;47m [0;1;34;47mX[0;1;37;47m [0;5;37;47m8[0;1;37;47m@[0;5;37;41m8[0;1;31;47m%[0;5;37;41m8[0;1;37;47m [0;5;1;33;41m@[0;1;35;47m%[0;5;1;35;41m@[0;5;1;31;43m8[0;5;37;45m8[0;5;1;33;41m8[0;1;37;47m [0;5;1;31;45m8[0;5;1;33;47m8[0;5;37;41m8[0;5;37;47m8[0;5;1;33;41mX[0;5;37;45m8[0;5;1;33;41m8[0;5;37;45m8[0;5;37;43m8[0;5;1;31;45m8[0;1;33;47m%[0;5;1;35;41m8[0;1;37;47m [0;5;1;33;41m8[0;1;35;47mX[0;1;37;47m [0;5;37;47m8[0;1;37;47m;[0;1;35;47mX[0;1;34;47mS[0;1;35;47mS[0;5;34;40mX[0m
[0;5;35;40m [0;1;37;47m [0;1;35;47m@S[0;1;37;47m [0;5;37;47m:[0;1;35;47mX[0;1;31;47m@S[0;5;37;41m8[0;5;37;47m8[0;5;1;35;41m8[0;5;37;43m8[0;1;35;47mX[0;5;37;41m8[0;1;37;47m [0;5;1;31;45m8[0;5;1;37;43m88[0;1;37;47m [0;5;1;37;43m8[0;1;37;47m [0;5;1;37;43m8[0;5;1;35;41m8[0;1;37;47m [0;5;1;33;41m@[0;5;37;45m8[0;5;1;31;43m8[0;1;35;47mS[0;5;1;31;43m8[0;5;37;45m8[0;5;1;31;43m8[0;5;37;45m8[0;5;1;31;43m8[0;5;37;47m [0;1;37;47m8[0;1;35;47m@[0;1;36;47m%[0;1;35;47m@[0;5;37;40mt[0m
[0;1;30;47mX[0;1;35;47m@[0;1;36;47mX[0;1;35;47m@[0;5;37;47m8t[0;1;31;47m@XS[0;5;1;31;43m8[0;1;35;47m%[0;5;1;37;43m8[0;5;1;35;41m8[0;5;37;43m8[0;5;1;31;45m8[0;5;37;43m8[0;5;1;37;43m8[0;1;37;47m [0;5;1;37;43m8[0;5;1;33;47m8[0;1;33;47mS[0;5;1;37;43m8[0;5;37;47m8[0;5;37;43m8[0;5;1;35;41m8[0;5;37;47m8[0;5;1;33;41m8[0;5;37;47m8[0;5;1;33;41m8[0;5;37;47m8[0;5;37;41m8[0;1;37;47m [0;5;1;33;41m8[0;5;37;45m8[0;5;37;47m8[0;1;37;47m8[0;35;47m@[0;1;35;47mX[0;1;36;47mS[0;1;35;47m8[0m
[0;1;30;47mX[0;1;35;47mX[0;1;34;47mX[0;1;35;47mS[0;1;37;47m [0;5;37;47m:[0;1;31;47m@[0;5;37;41m8[0;5;1;35;47m8[0;5;1;33;41m@[0;5;37;45m8[0;5;1;33;41m8[0;1;37;47m [0;5;1;35;41m8[0;5;1;37;43m8[0;5;1;31;45m8[0;1;33;47mX[0;5;1;37;43m8[0;1;35;47mS[0;5;1;37;43m8[0;5;37;47m8[0;5;1;31;43m8[0;5;37;47m8[0;5;1;33;41m8[0;1;37;47m [0;5;1;35;41m@[0;1;33;47m%[0;5;1;35;41m8[0;1;37;47m [0;5;1;35;41m@[0;5;37;43m8[0;5;1;31;45m8[0;1;37;47m [0;5;1;33;41m8[0;5;37;47mtS[0;1;35;47m@[0;1;34;47mS[0;1;35;47mX[0;36;47mX[0m
[0;1;30;47m8[0;1;35;47mS[0;1;37;47m [0;1;34;47mX[0;1;37;47mS[0;5;37;47m.[0;1;35;47m%[0;5;1;33;41m8[0;1;35;47mX[0;5;1;33;41m8[0;1;35;47m%[0;5;1;35;41m8[0;5;1;37;43m8[0;5;37;41m8[0;1;35;47mX[0;5;1;33;41m8[0;5;1;31;45m@[0;5;37;43m8[0;1;37;47m [0;5;1;31;43m8[0;5;37;47m8[0;5;37;43m8[0;5;1;31;45m8[0;5;37;47m8[0;5;1;33;41mX[0;1;35;47m%[0;5;1;33;41m8[0;1;37;47m [0;5;1;33;41m8[0;5;1;35;47m8[0;5;1;33;41m@[0;1;37;47m [0;5;1;35;41m8[0;5;37;47m88[0;1;37;47m@[0;35;47m@[0;1;37;47m [0;1;35;47m@[0;1;30;47m8[0m
[0;5;35;40mS[0;1;30;47m8[0;1;35;47mXSS[0;5;37;47mX8[0;1;31;47m@S[0;5;37;45m8[0;5;1;31;43m8[0;1;37;47m [0;5;1;35;41m8[0;5;37;43m8[0;1;35;47m%[0;5;37;43m8[0;5;1;31;45m8[0;1;31;47mS[0;5;1;35;41m8[0;5;37;47m8[0;5;1;35;41mS[0;1;33;47m%[0;5;1;33;41m8[0;5;1;31;45m8[0;5;37;47m8[0;5;1;31;43m8[0;5;1;37;45m8[0;5;1;33;41m@[0;5;37;45m8[0;5;1;33;41m8[0;5;37;45m8[0;5;1;31;43m8[0;1;37;47m [0;5;37;47m88[0;1;35;47m8SS[0;1;34;47m@[0;5;35;40m%[0m
[0;34;40m:[0;1;30;47m8[0;1;34;47mX[0;1;37;47m [0;1;34;47mX[0;1;37;47mS[0;5;37;47mS8[0;5;1;33;41m@[0;1;37;47m [0;5;1;35;41m8[0;5;37;43m8[0;1;35;47mS[0;5;1;31;43m8[0;5;37;45m8[0;5;1;33;41m8[0;1;37;47m [0;5;1;33;41m8[0;5;37;47m8[0;5;1;33;41mX[0;1;37;47m [0;5;1;35;41m8[0;5;37;47m8[0;5;1;33;41m8[0;5;1;31;45m8[0;1;33;47mSX[0;1;35;47mS[0;5;1;33;41m8[0;1;37;47m [0;5;37;41m8[0;5;1;37;45m8[0;5;1;37;43m8[0;5;37;47m8[0;1;35;47mX[0;1;37;47mS[0;35;47m@[0;1;37;47m [0;35;47m8[0;30;44m8[0m
[0;34;40m [0;30;44m@[0;1;35;47mSSS@[0;1;37;47mS[0;5;37;47m%8[0;5;1;35;41m@[0;5;37;43m8[0;5;1;31;45m8[0;5;37;43m8[0;5;1;31;45m@[0;5;37;43m8[0;5;37;45m8[0;5;1;33;41m8[0;5;37;45m8[0;5;1;33;41m@[0;5;37;47m8[0;5;1;31;43m8[0;1;35;47mS[0;5;1;33;41m@[0;1;37;47m [0;5;37;41m8[0;1;35;47mX[0;5;1;33;41m@[0;5;37;45m8[0;5;1;31;43m8[0;5;37;45m8[0;5;1;31;43m8[0;5;37;47m88[0;1;37;47m;[0;1;35;47m8[0;35;47mX[0;1;35;47mS[0;1;34;47mX[0;1;30;44mX[0;32;40m [0m
[0;34;40m .[0;5;34;40m8[0;1;30;47m8[0;1;36;47m%[0;1;35;47m8[0;35;47m@[0;1;37;47m8[0;5;37;47m88[0;1;37;47m [0;5;1;35;41m8[0;1;33;47mS[0;5;37;41m8[0;5;37;45m8[0;5;1;31;43m8[0;5;37;45m8[0;5;37;43m8[0;5;1;31;45m8[0;1;33;47mS[0;5;37;45m8[0;5;1;31;43m8[0;5;37;45m8[0;5;1;33;41m8[0;5;37;47m8[0;5;1;33;41mS[0;5;37;45m8[0;5;1;31;43m8[0;5;37;45m8[0;5;37;43m8[0;5;37;47m@8[0;5;37;45m8[0;1;37;47mt[0;1;35;47m@[0;1;37;47m [0;1;35;47mX[0;1;30;44m@[0;32;40m: [0m
[0;34;40m [0;32;40m.[0;34;40mt[0;1;30;44m8[0;35;47m8[0;36;47mS[0;1;35;47m@@S[0;1;37;47m@[0;5;37;47m8@8[0;5;1;33;41m8[0;1;37;47m [0;5;1;35;41m8[0;5;37;43m8[0;5;1;31;45m8[0;5;37;43m8[0;5;1;35;41m8[0;5;37;43m8[0;5;1;31;45m8[0;5;37;43m8[0;5;1;31;45m8[0;5;37;41m8[0;5;37;47m8[0;5;1;33;41m8[0;5;37;47m888[0;5;1;37;45m8[0;1;37;47m [0;1;35;47mSX[0;1;30;47mt[0;35;47m8[0;30;44m%[0;32;40m;[0;34;40m  [0m
[0;34;40m  [0;31;40m [0;34;40m 8[0;5;37;40mS[0;1;35;47mS[0;36;47mS[0;1;35;47mXX[0;1;37;47mX;[0;5;37;47m8t88[0;5;37;41m8[0;5;37;47m8[0;5;1;35;41m@[0;5;37;43m8[0;5;37;45m8[0;5;37;43m8[0;5;1;31;45m8[0;5;37;47m8[0;5;37;43m8[0;5;37;47m8t88[0;5;37;45m8[0;1;37;47m [0;1;35;47m@[0;1;30;47m [0;1;35;47mX[0;5;35;40m:[0;30;44m@[0;32;40m:[0;34;40m   [0m
[0;34;40m [0;31;40m [0;34;40m  :8[0;5;34;40m8[0;35;47m8[0;1;30;47m8[0;1;35;47mS8@S[0;1;37;47m8t[0;5;37;47m8888888888[0;5;37;45m8[0;1;37;47mX[0;5;37;45m8[0;1;35;47mS[0;1;30;47m [0;1;35;47m@[0;1;30;47m%[0;37;45m8[0;1;30;44m@[0;34;40mX[0;32;40m:[0;34;40m    [0m
[0;34;40m [0;31;40m [0;34;40m    ;X[0;1;30;44mS[0;5;36;40mS[0;5;37;40mS[0;35;47mS[0;1;35;47mS@@XXS%SSS%XS[0;1;37;47mS[0;1;35;47m@[0;1;30;47m [0;35;47m@8[0;5;34;40mX[0;30;44m8[0;34;40mt[0;32;40m:.[0;31;40m [0;34;40m    [0m
[0;34;40m      [0;32;40m  [0;31;40m [0;34;40m:S@[0;5;34;40m8X[0;5;35;40m:[0;1;30;47m@[0;35;47m8[0;1;30;47m [0;35;47m@[0;1;37;47mS[0;1;35;47m@[0;1;30;47m [0;35;47m@[0;1;30;47m.[0;1;30;45m8[0;5;35;40m:@[0;1;30;44m8[0;34;40mt::[0;31;40m:[0;32;40m:[0;31;40m   [0;34;40m    [0m
